 1891 2019
1891   -99.000   -99.000   -99.000   -99.000   -99.000   -99.000   -99.000   -99.000   -99.000   -99.000   -99.000   -99.000
1892   -99.000   -99.000   -99.000   -99.000   -99.000   -99.000   -99.000   -99.000   -99.000   -99.000   -99.000   -99.000
1893   -99.000   -99.000   -99.000   -99.000   -99.000   -99.000   -99.000   -99.000   -99.000   -99.000   -99.000   -99.000
1894   -99.000   -99.000   -99.000   -99.000   -99.000   -99.000   -99.000   -99.000   -99.000   -99.000   -99.000   -99.000
1895   -99.000   -99.000   -99.000   -99.000   -99.000   -99.000   -99.000   -99.000   -99.000   -99.000   -99.000   -99.000
1896   -99.000   -99.000   -99.000   -99.000   -99.000   -99.000   -99.000   -99.000   -99.000   -99.000   -99.000   -99.000
1897   -99.000   -99.000   -99.000   -99.000   -99.000   -99.000     0.064     0.073     0.081     0.090     0.098     0.106
1898     0.114     0.122     0.130     0.138     0.146     0.154     0.161     0.169     0.176     0.183     0.190     0.198
1899     0.205     0.212     0.218     0.225     0.232     0.239     0.246     0.252     0.259     0.266     0.273     0.279
1900     0.286     0.293     0.299     0.306     0.313     0.319     0.326     0.333     0.339     0.346     0.353     0.359
1901     0.365     0.372     0.378     0.384     0.391     0.397     0.403     0.409     0.414     0.420     0.426     0.431
1902     0.437     0.442     0.447     0.452     0.456     0.461     0.465     0.469     0.473     0.476     0.480     0.483
1903     0.486     0.488     0.490     0.492     0.494     0.495     0.497     0.497     0.498     0.498     0.497     0.496
1904     0.495     0.494     0.492     0.489     0.487     0.484     0.480     0.476     0.472     0.467     0.462     0.457
1905     0.451     0.445     0.439     0.432     0.425     0.418     0.410     0.402     0.394     0.385     0.377     0.368
1906     0.359     0.349     0.340     0.330     0.320     0.310     0.300     0.290     0.280     0.269     0.259     0.248
1907     0.238     0.227     0.216     0.206     0.195     0.185     0.175     0.164     0.154     0.145     0.135     0.125
1908     0.116     0.107     0.099     0.090     0.082     0.074     0.067     0.060     0.054     0.047     0.042     0.037
1909     0.032     0.027     0.024     0.020     0.017     0.015     0.013     0.011     0.010     0.010     0.010     0.010
1910     0.011     0.012     0.014     0.016     0.018     0.021     0.024     0.028     0.032     0.036     0.040     0.045
1911     0.050     0.056     0.061     0.067     0.072     0.078     0.084     0.090     0.096     0.102     0.108     0.113
1912     0.119     0.124     0.129     0.134     0.139     0.144     0.148     0.152     0.155     0.159     0.162     0.164
1913     0.167     0.169     0.170     0.171     0.172     0.172     0.172     0.172     0.171     0.170     0.169     0.167
1914     0.165     0.163     0.160     0.157     0.153     0.149     0.145     0.141     0.136     0.131     0.126     0.121
1915     0.115     0.110     0.104     0.098     0.091     0.085     0.079     0.072     0.065     0.059     0.052     0.046
1916     0.039     0.032     0.026     0.020     0.013     0.007     0.001    -0.005    -0.011    -0.016    -0.022    -0.027
1917    -0.032    -0.036    -0.041    -0.045    -0.049    -0.053    -0.056    -0.059    -0.062    -0.065    -0.067    -0.069
1918    -0.070    -0.072    -0.073    -0.074    -0.075    -0.075    -0.075    -0.076    -0.075    -0.075    -0.075    -0.074
1919    -0.074    -0.073    -0.072    -0.071    -0.070    -0.069    -0.068    -0.066    -0.065    -0.064    -0.062    -0.061
1920    -0.060    -0.058    -0.056    -0.055    -0.053    -0.052    -0.050    -0.049    -0.047    -0.046    -0.044    -0.042
1921    -0.041    -0.040    -0.038    -0.037    -0.036    -0.034    -0.033    -0.032    -0.031    -0.030    -0.028    -0.027
1922    -0.026    -0.025    -0.024    -0.023    -0.022    -0.021    -0.020    -0.019    -0.017    -0.016    -0.015    -0.014
1923    -0.012    -0.011    -0.009    -0.008    -0.006    -0.004    -0.002    -0.000     0.002     0.004     0.006     0.009
1924     0.012     0.014     0.017     0.021     0.024     0.027     0.031     0.035     0.038     0.043     0.047     0.051
1925     0.056     0.061     0.065     0.070     0.076     0.081     0.086     0.092     0.098     0.103     0.109     0.115
1926     0.121     0.127     0.133     0.139     0.145     0.151     0.157     0.163     0.170     0.176     0.182     0.188
1927     0.194     0.200     0.206     0.212     0.218     0.223     0.229     0.234     0.240     0.245     0.250     0.255
1928     0.260     0.264     0.269     0.273     0.277     0.281     0.285     0.288     0.292     0.295     0.297     0.300
1929     0.302     0.304     0.306     0.308     0.309     0.310     0.311     0.311     0.311     0.311     0.311     0.311
1930     0.310     0.309     0.308     0.306     0.304     0.302     0.300     0.297     0.295     0.292     0.289     0.285
1931     0.282     0.278     0.274     0.270     0.266     0.261     0.257     0.252     0.247     0.242     0.237     0.232
1932     0.227     0.222     0.217     0.211     0.206     0.200     0.195     0.189     0.183     0.177     0.171     0.165
1933     0.159     0.153     0.147     0.140     0.134     0.128     0.121     0.115     0.109     0.103     0.096     0.090
1934     0.084     0.078     0.073     0.067     0.061     0.056     0.051     0.046     0.041     0.037     0.032     0.028
1935     0.024     0.021     0.018     0.015     0.012     0.010     0.008     0.007     0.006     0.005     0.004     0.004
1936     0.005     0.006     0.007     0.008     0.010     0.013     0.015     0.018     0.021     0.025     0.029     0.033
1937     0.037     0.042     0.047     0.052     0.057     0.062     0.068     0.073     0.079     0.085     0.091     0.096
1938     0.102     0.108     0.114     0.119     0.125     0.130     0.136     0.141     0.146     0.151     0.155     0.160
1939     0.164     0.168     0.172     0.175     0.179     0.181     0.184     0.186     0.188     0.189     0.191     0.191
1940     0.192     0.192     0.191     0.191     0.190     0.188     0.186     0.184     0.181     0.178     0.175     0.171
1941     0.167     0.163     0.158     0.153     0.147     0.142     0.136     0.129     0.122     0.116     0.108     0.101
1942     0.093     0.085     0.077     0.069     0.061     0.052     0.044     0.035     0.026     0.017     0.009    -0.000
1943    -0.009    -0.018    -0.027    -0.036    -0.045    -0.054    -0.062    -0.071    -0.079    -0.088    -0.096    -0.104
1944    -0.112    -0.120    -0.128    -0.136    -0.143    -0.150    -0.158    -0.165    -0.171    -0.178    -0.185    -0.191
1945    -0.197    -0.203    -0.209    -0.215    -0.220    -0.225    -0.230    -0.235    -0.240    -0.245    -0.249    -0.253
1946    -0.257    -0.261    -0.265    -0.268    -0.272    -0.275    -0.279    -0.282    -0.285    -0.288    -0.291    -0.294
1947    -0.297    -0.300    -0.303    -0.306    -0.308    -0.311    -0.314    -0.317    -0.319    -0.322    -0.325    -0.328
1948    -0.330    -0.333    -0.336    -0.339    -0.341    -0.344    -0.347    -0.350    -0.352    -0.355    -0.358    -0.360
1949    -0.363    -0.366    -0.368    -0.371    -0.373    -0.376    -0.378    -0.380    -0.382    -0.384    -0.387    -0.389
1950    -0.391    -0.392    -0.394    -0.396    -0.398    -0.399    -0.401    -0.403    -0.404    -0.406    -0.407    -0.409
1951    -0.410    -0.412    -0.413    -0.415    -0.416    -0.417    -0.419    -0.420    -0.421    -0.423    -0.424    -0.425
1952    -0.426    -0.427    -0.428    -0.429    -0.430    -0.430    -0.431    -0.432    -0.432    -0.433    -0.433    -0.433
1953    -0.433    -0.433    -0.433    -0.433    -0.433    -0.433    -0.432    -0.432    -0.431    -0.430    -0.429    -0.428
1954    -0.426    -0.425    -0.423    -0.422    -0.420    -0.418    -0.416    -0.413    -0.411    -0.408    -0.405    -0.402
1955    -0.399    -0.395    -0.391    -0.388    -0.384    -0.380    -0.375    -0.371    -0.366    -0.361    -0.356    -0.351
1956    -0.346    -0.341    -0.335    -0.330    -0.324    -0.319    -0.313    -0.307    -0.301    -0.295    -0.289    -0.283
1957    -0.277    -0.271    -0.266    -0.260    -0.254    -0.248    -0.242    -0.237    -0.231    -0.225    -0.220    -0.215
1958    -0.209    -0.204    -0.200    -0.195    -0.191    -0.187    -0.183    -0.179    -0.176    -0.173    -0.170    -0.168
1959    -0.165    -0.164    -0.162    -0.161    -0.160    -0.159    -0.159    -0.159    -0.159    -0.159    -0.160    -0.160
1960    -0.161    -0.163    -0.164    -0.165    -0.167    -0.169    -0.171    -0.173    -0.175    -0.177    -0.179    -0.182
1961    -0.184    -0.186    -0.188    -0.191    -0.193    -0.195    -0.197    -0.199    -0.201    -0.203    -0.205    -0.206
1962    -0.208    -0.209    -0.210    -0.211    -0.212    -0.212    -0.212    -0.212    -0.212    -0.212    -0.211    -0.210
1963    -0.209    -0.208    -0.206    -0.205    -0.202    -0.200    -0.197    -0.195    -0.192    -0.188    -0.185    -0.181
1964    -0.177    -0.173    -0.169    -0.164    -0.160    -0.155    -0.150    -0.146    -0.141    -0.136    -0.131    -0.127
1965    -0.122    -0.118    -0.113    -0.109    -0.105    -0.101    -0.097    -0.094    -0.090    -0.087    -0.084    -0.082
1966    -0.080    -0.077    -0.076    -0.074    -0.073    -0.072    -0.071    -0.070    -0.070    -0.070    -0.070    -0.071
1967    -0.071    -0.072    -0.073    -0.075    -0.076    -0.078    -0.080    -0.082    -0.085    -0.088    -0.091    -0.094
1968    -0.098    -0.102    -0.106    -0.110    -0.114    -0.119    -0.124    -0.129    -0.134    -0.139    -0.144    -0.150
1969    -0.156    -0.162    -0.168    -0.174    -0.180    -0.187    -0.193    -0.200    -0.207    -0.214    -0.221    -0.228
1970    -0.235    -0.242    -0.250    -0.257    -0.265    -0.272    -0.280    -0.288    -0.295    -0.303    -0.311    -0.319
1971    -0.326    -0.334    -0.341    -0.349    -0.356    -0.364    -0.371    -0.378    -0.384    -0.391    -0.397    -0.403
1972    -0.409    -0.415    -0.420    -0.426    -0.431    -0.435    -0.440    -0.444    -0.448    -0.451    -0.455    -0.458
1973    -0.460    -0.463    -0.465    -0.467    -0.468    -0.469    -0.470    -0.470    -0.470    -0.469    -0.469    -0.467
1974    -0.466    -0.463    -0.461    -0.458    -0.454    -0.451    -0.446    -0.442    -0.437    -0.431    -0.425    -0.419
1975    -0.412    -0.405    -0.398    -0.390    -0.382    -0.373    -0.364    -0.355    -0.346    -0.336    -0.326    -0.316
1976    -0.306    -0.296    -0.285    -0.275    -0.264    -0.253    -0.242    -0.230    -0.219    -0.208    -0.196    -0.184
1977    -0.173    -0.161    -0.149    -0.137    -0.125    -0.113    -0.101    -0.089    -0.077    -0.065    -0.053    -0.041
1978    -0.029    -0.017    -0.004     0.008     0.020     0.031     0.043     0.055     0.067     0.078     0.089     0.101
1979     0.112     0.122     0.133     0.143     0.153     0.163     0.172     0.181     0.190     0.199     0.207     0.214
1980     0.222     0.229     0.235     0.242     0.248     0.253     0.258     0.263     0.268     0.272     0.276     0.280
1981     0.284     0.287     0.290     0.293     0.295     0.298     0.300     0.302     0.303     0.305     0.306     0.308
1982     0.309     0.310     0.310     0.311     0.312     0.312     0.313     0.313     0.313     0.313     0.313     0.312
1983     0.312     0.311     0.311     0.310     0.309     0.307     0.306     0.304     0.303     0.301     0.299     0.296
1984     0.294     0.291     0.288     0.285     0.282     0.279     0.275     0.271     0.267     0.263     0.259     0.254
1985     0.249     0.245     0.240     0.234     0.229     0.224     0.218     0.213     0.207     0.202     0.196     0.190
1986     0.184     0.178     0.173     0.167     0.161     0.156     0.150     0.144     0.139     0.134     0.128     0.123
1987     0.118     0.113     0.109     0.104     0.100     0.096     0.092     0.088     0.085     0.081     0.079     0.076
1988     0.074     0.072     0.070     0.069     0.068     0.067     0.067     0.067     0.067     0.068     0.069     0.070
1989     0.072     0.074     0.076     0.079     0.082     0.086     0.089     0.093     0.098     0.102     0.107     0.112
1990     0.117     0.122     0.128     0.133     0.139     0.145     0.151     0.157     0.163     0.169     0.175     0.182
1991     0.188     0.195     0.201     0.207     0.214     0.220     0.227     0.233     0.240     0.247     0.253     0.260
1992     0.266     0.272     0.279     0.285     0.291     0.297     0.303     0.309     0.315     0.320     0.326     0.331
1993     0.336     0.340     0.344     0.348     0.352     0.355     0.358     0.361     0.363     0.364     0.365     0.366
1994     0.366     0.366     0.366     0.364     0.362     0.360     0.357     0.354     0.350     0.345     0.340     0.335
1995     0.329     0.322     0.315     0.307     0.299     0.291     0.282     0.272     0.263     0.252     0.242     0.231
1996     0.220     0.208     0.196     0.184     0.172     0.159     0.146     0.133     0.120     0.106     0.093     0.079
1997     0.065     0.051     0.038     0.024     0.010    -0.004    -0.018    -0.032    -0.045    -0.059    -0.072    -0.085
1998    -0.098    -0.111    -0.124    -0.136    -0.148    -0.160    -0.171    -0.182    -0.193    -0.204    -0.214    -0.224
1999    -0.233    -0.242    -0.250    -0.258    -0.266    -0.273    -0.280    -0.286    -0.291    -0.297    -0.301    -0.306
2000    -0.309    -0.313    -0.315    -0.318    -0.320    -0.321    -0.322    -0.322    -0.322    -0.321    -0.320    -0.319
2001    -0.316    -0.314    -0.311    -0.308    -0.304    -0.300    -0.295    -0.290    -0.285    -0.280    -0.274    -0.268
2002    -0.262    -0.256    -0.249    -0.243    -0.236    -0.229    -0.222    -0.215    -0.208    -0.202    -0.195    -0.188
2003    -0.181    -0.175    -0.168    -0.162    -0.156    -0.150    -0.144    -0.139    -0.134    -0.129    -0.124    -0.119
2004    -0.115    -0.111    -0.107    -0.104    -0.101    -0.098    -0.096    -0.095    -0.093    -0.092    -0.092    -0.092
2005    -0.093    -0.094    -0.095    -0.097    -0.099    -0.102    -0.105    -0.108    -0.112    -0.117    -0.121    -0.126
2006    -0.132    -0.137    -0.143    -0.149    -0.156    -0.162    -0.169    -0.176    -0.184    -0.191    -0.198    -0.206
2007    -0.214    -0.222    -0.230    -0.238    -0.246    -0.254    -0.262    -0.270    -0.278    -0.286    -0.295    -0.303
2008    -0.311    -0.319    -0.326    -0.334    -0.342    -0.349    -0.357    -0.364    -0.371    -0.378    -0.385    -0.391
2009    -0.397    -0.403    -0.409    -0.414    -0.419    -0.424    -0.429    -0.433    -0.436    -0.440    -0.443    -0.445
2010    -0.448    -0.449    -0.451    -0.452    -0.452    -0.452    -0.452    -0.451    -0.450    -0.448    -0.446    -0.443
2011    -0.440    -0.436    -0.432    -0.427    -0.422    -0.417    -0.411    -0.405    -0.398    -0.391    -0.384    -0.376
2012    -0.368    -0.360    -0.351    -0.343    -0.333    -0.324    -0.314    -0.305    -0.295    -0.285    -0.274    -0.264
2013    -0.253    -0.243    -0.232   -99.000   -99.000   -99.000   -99.000   -99.000   -99.000   -99.000   -99.000   -99.000
2014   -99.000   -99.000   -99.000   -99.000   -99.000   -99.000   -99.000   -99.000   -99.000   -99.000   -99.000   -99.000
2015   -99.000   -99.000   -99.000   -99.000   -99.000   -99.000   -99.000   -99.000   -99.000   -99.000   -99.000   -99.000
2016   -99.000   -99.000   -99.000   -99.000   -99.000   -99.000   -99.000   -99.000   -99.000   -99.000   -99.000   -99.000
2017   -99.000   -99.000   -99.000   -99.000   -99.000   -99.000   -99.000   -99.000   -99.000   -99.000   -99.000   -99.000
2018   -99.000   -99.000   -99.000   -99.000   -99.000   -99.000   -99.000   -99.000   -99.000   -99.000   -99.000   -99.000
2019   -99.000   -99.000   -99.000   -99.000   -99.000   -99.000   -99.000   -99.000   -99.000   -99.000   -99.000   -99.000
-99
TPI filtered (IPO Tripole Index) of Henley et al. (2015)
COBE
created at NOAA/ESRL PSD
If you use this data please cite: 
Henley, B.J., Gergis, J., Karoly, D.J., Power, S.B., Kennedy, J., & Folland, C.K. (2015).
A Tripole Index for the Interdecadal Pacific Oscillation. Climate Dynamics, 45(11-12), 3077-3090. doi:10.1007/s00382-015-2525-1
See https://www.esrl.noaa.gov/psd/data/timeseries/IPOTPI/
Updated date at NOAA/ESRL/PSD
Produced Oct 30 2019
units="degC"
