1959  0.114  0.075  0.202  0.063 -0.128  0.114  0.043  0.013  0.054 -0.147 -0.166 -0.010  0.019
1960  0.029  0.366 -0.681 -0.317 -0.319  0.053 -0.094 -0.015  0.053  0.012 -0.216  0.318 -0.068
1961  0.072  0.253  0.090  0.110  0.096  0.084 -0.015 -0.016  0.053 -0.057 -0.004 -0.194  0.039
1962  0.181  0.254 -0.023  0.043 -0.101 -0.150 -0.047 -0.067 -0.028  0.125  0.079  0.057  0.027
1963 -0.080  0.389 -0.315 -0.225 -0.176 -0.128  0.058  0.044  0.146  0.398  0.283 -0.112  0.024
1964 -0.036 -0.256 -0.487 -0.341 -0.179 -0.247 -0.202 -0.270 -0.280 -0.378 -0.291 -0.424 -0.283
1965 -0.064 -0.448 -0.288 -0.466 -0.249 -0.128 -0.297 -0.227 -0.200 -0.055 -0.227 -0.147 -0.233
1966 -0.213 -0.135 -0.132 -0.272 -0.189  0.060 -0.011  0.012 -0.020 -0.171 -0.154 -0.356 -0.132
1967 -0.298 -0.445 -0.096 -0.075  0.122 -0.215 -0.111 -0.076 -0.119  0.346  0.019 -0.132 -0.090
1968 -0.353 -0.272  0.342 -0.207 -0.311 -0.296 -0.207 -0.193 -0.197 -0.121 -0.259 -0.412 -0.207
1969 -0.624 -0.731 -0.293 -0.006 -0.005 -0.082  0.033 -0.019 -0.066 -0.038  0.186  0.273 -0.114
1970 -0.041  0.303 -0.258  0.015 -0.102  0.088 -0.017 -0.065  0.010 -0.172 -0.090 -0.316 -0.054
1971 -0.084 -0.422 -0.473 -0.373 -0.294 -0.302 -0.173 -0.115 -0.007 -0.089 -0.021 -0.073 -0.202
1972 -0.768 -0.645 -0.267 -0.170 -0.197 -0.046 -0.064 -0.078 -0.223 -0.088 -0.250  0.101 -0.225
1973  0.165  0.544  0.384  0.274  0.151  0.254  0.098  0.038 -0.034 -0.007 -0.136 -0.080  0.138
1974 -0.454 -0.615 -0.190 -0.147 -0.241 -0.191 -0.084 -0.120 -0.234 -0.363 -0.337 -0.358 -0.278
1975  0.126 -0.014  0.027  0.040  0.002 -0.020 -0.035 -0.144  0.048 -0.197 -0.304 -0.306 -0.065
1976 -0.093 -0.364 -0.739 -0.174 -0.320 -0.300 -0.309 -0.298 -0.221 -0.688 -0.447 -0.300 -0.354
1977 -0.418  0.093  0.250  0.258  0.113  0.208  0.076 -0.005  0.014 -0.056  0.399  0.050  0.082
1978  0.044 -0.054  0.123  0.015 -0.053 -0.156 -0.071 -0.258 -0.075 -0.065  0.139 -0.155 -0.047
1979 -0.111 -0.310 -0.002 -0.251 -0.081  0.109  0.018  0.050  0.082  0.203  0.125  0.633  0.039
1980  0.095  0.243 -0.116  0.170  0.265  0.124  0.059  0.078  0.093  0.124  0.252  0.108  0.125
1981  0.739  0.599  0.502  0.412  0.107  0.145  0.096  0.240  0.099  0.041  0.148  0.474  0.300
1982 -0.205  0.097 -0.243  0.041 -0.012 -0.139  0.026 -0.002  0.072 -0.142 -0.140  0.406 -0.020
1983  0.707  0.477  0.353  0.150  0.154  0.114  0.264  0.320  0.396  0.192  0.548  0.126  0.317
1984  0.139 -0.111  0.038 -0.128  0.221  0.036 -0.011  0.034 -0.142  0.079 -0.188 -0.534 -0.047
1985 -0.005 -0.297 -0.097 -0.019  0.057 -0.058 -0.156  0.100 -0.047  0.033 -0.046  0.030 -0.042
1986  0.425  0.192  0.195  0.261  0.185  0.141 -0.050  0.015 -0.077 -0.003 -0.043  0.035  0.106
1987  0.183  0.686 -0.114  0.192  0.188  0.213  0.368  0.208  0.317  0.260  0.141  0.530  0.264
1988  0.638  0.274  0.378  0.305  0.367  0.429  0.342  0.321  0.376  0.338  0.094  0.474  0.361
1989  0.131  0.422  0.388  0.219  0.183  0.151  0.200  0.220  0.219  0.293  0.066  0.316  0.234
1990  0.387  0.543  1.162  0.590  0.398  0.440  0.282  0.361  0.221  0.486  0.596  0.411  0.490
1991  0.517  0.520  0.270  0.558  0.316  0.564  0.419  0.344  0.369  0.331  0.249  0.103  0.380
1992  0.702  0.534  0.418  0.080  0.124  0.049 -0.244 -0.093 -0.224 -0.196 -0.216  0.192  0.094
1993  0.441  0.452  0.347  0.174  0.222  0.220  0.155  0.107 -0.085  0.131 -0.321  0.277  0.177
1994  0.345 -0.151  0.312  0.434  0.369  0.412  0.252  0.268  0.316  0.467  0.538  0.406  0.331
1995  0.832  1.211  0.477  0.490  0.358  0.530  0.410  0.592  0.488  0.688  0.564  0.203  0.570
1996  0.203  0.437  0.130 -0.016  0.319  0.263  0.281  0.233  0.112  0.169  0.215  0.386  0.228
1997  0.413  0.580  0.535  0.342  0.330  0.521  0.387  0.476  0.527  0.633  0.542  0.591  0.490
1998  0.720  1.344  0.755  1.018  0.844  0.901  0.982  0.906  0.735  0.713  0.328  0.848  0.841
1999  0.773  1.169  0.226  0.507  0.386  0.457  0.474  0.434  0.582  0.535  0.401  0.732  0.556
2000  0.314  0.911  0.729  0.921  0.514  0.433  0.404  0.502  0.385  0.274  0.071  0.227  0.474
2001  0.659  0.509  0.767  0.678  0.703  0.532  0.625  0.769  0.571  0.629  1.012  0.566  0.668
2002  1.143  1.344  1.167  0.686  0.581  0.640  0.784  0.616  0.666  0.477  0.722  0.320  0.762
2003  0.994  0.626  0.565  0.621  0.805  0.678  0.623  0.789  0.749  0.917  0.677  1.057  0.758
2004  0.763  1.064  0.933  0.694  0.346  0.485  0.381  0.451  0.533  0.732  1.065  0.473  0.660
2005  0.923  0.556  0.877  0.990  0.723  0.851  0.804  0.695  0.948  1.068  1.176  0.742  0.863
2006  0.603  0.955  0.762  0.580  0.527  0.847  0.756  0.736  0.757  0.995  0.894  1.252  0.805
2007  1.623  0.953  0.972  1.084  0.800  0.606  0.614  0.775  0.801  0.933  0.786  0.794  0.895
2008  0.338  0.428  1.210  0.557  0.485  0.591  0.700  0.560  0.596  0.987  1.037  0.696  0.682
2009  0.778  0.828  0.637  0.835  0.573  0.642  0.577  0.832  0.994  0.727  0.823  0.528  0.731
2010  0.794  0.890  1.108  1.067  0.943  0.983  0.968  0.877  0.787  0.897  1.205  0.446  0.914
2011  0.440  0.400  0.583  0.875  0.563  0.797  0.782  0.756  0.823  0.951  0.663  0.856  0.707
2012  0.559  0.361  0.599  1.060  0.966  0.950  0.810  0.847  0.901  0.878  0.915  0.281  0.761
2013  0.920  0.939  0.689  0.636  0.809  0.893  0.687  0.735  0.786  0.872  1.087  0.863  0.826
2014  0.944  0.481  0.962  1.040  0.919  0.891  0.713  0.835  0.819  0.973  0.720  1.096  0.866
2015  1.231  1.197  1.259  0.903  1.018  1.095  0.832  0.958  1.049  1.209  1.287  1.771  1.151
2016  1.416  2.103  1.956  1.592  1.109  1.105  1.057  1.221  1.174  0.849  0.826  1.100  1.292
2017  1.312  1.539  1.484  1.063  0.936  0.973  1.051  1.054  1.020  0.973  0.888  1.149  1.120
2018  0.972  0.951  1.079  1.075  0.955  0.877  0.999  0.800  0.881  0.999  0.698  1.001  0.941
