1959  0.087  0.033  0.079  0.046 -0.010  0.062  0.030  0.047  0.041 -0.034 -0.111 -0.069  0.017
1960 -0.032  0.104 -0.314 -0.176 -0.156 -0.030 -0.028  0.008  0.064 -0.027 -0.149  0.146 -0.049
1961  0.045  0.177  0.093  0.096  0.092  0.111  0.019  0.033 -0.029 -0.033 -0.018 -0.117  0.038
1962  0.053  0.135  0.028  0.024 -0.047 -0.052  0.018 -0.005 -0.017  0.042  0.010 -0.012  0.014
1963 -0.045  0.148 -0.147 -0.069 -0.022 -0.033  0.111  0.126  0.127  0.225  0.164 -0.006  0.048
1964 -0.053 -0.127 -0.278 -0.246 -0.177 -0.161 -0.172 -0.256 -0.282 -0.267 -0.295 -0.353 -0.223
1965 -0.106 -0.249 -0.218 -0.255 -0.162 -0.110 -0.183 -0.106 -0.088 -0.024 -0.130 -0.065 -0.140
1966 -0.094 -0.093 -0.067 -0.105 -0.138  0.038  0.030 -0.017 -0.038 -0.104 -0.095 -0.140 -0.068
1967 -0.172 -0.237 -0.050 -0.063  0.076 -0.081 -0.063 -0.061 -0.093  0.062 -0.059 -0.147 -0.074
1968 -0.241 -0.212  0.036 -0.169 -0.218 -0.107 -0.102 -0.059 -0.086 -0.021 -0.071 -0.110 -0.113
1969 -0.172 -0.168 -0.005  0.106  0.132  0.025  0.038  0.054  0.019  0.031  0.131  0.194  0.032
1970  0.070  0.144 -0.069  0.056 -0.036 -0.015 -0.050 -0.093 -0.040 -0.075 -0.050 -0.166 -0.027
1971 -0.102 -0.289 -0.282 -0.237 -0.214 -0.235 -0.130 -0.168 -0.124 -0.165 -0.086 -0.199 -0.186
1972 -0.379 -0.291 -0.132 -0.077 -0.065  0.008 -0.017  0.016 -0.053  0.007  0.002  0.187 -0.065
1973  0.147  0.278  0.226  0.162  0.085  0.110  0.026  0.017 -0.042 -0.047 -0.099 -0.113  0.062
1974 -0.372 -0.410 -0.229 -0.180 -0.196 -0.153 -0.127 -0.083 -0.129 -0.220 -0.217 -0.242 -0.214
1975 -0.075 -0.093 -0.077 -0.090 -0.086 -0.086 -0.110 -0.180 -0.126 -0.234 -0.319 -0.309 -0.149
1976 -0.233 -0.329 -0.445 -0.195 -0.317 -0.250 -0.182 -0.202 -0.162 -0.316 -0.180 -0.087 -0.241
1977 -0.074  0.077  0.102  0.094  0.072  0.112  0.065 -0.001  0.033 -0.005  0.141 -0.051  0.047
1978  0.017 -0.035  0.028 -0.061 -0.085 -0.135 -0.066 -0.185 -0.054 -0.112  0.046 -0.098 -0.062
1979 -0.029 -0.138  0.016 -0.050 -0.033  0.058  0.054  0.083  0.092  0.135  0.146  0.355  0.057
1980  0.134  0.217  0.069  0.144  0.142  0.070  0.061  0.038  0.039  0.011  0.129  0.055  0.092
1981  0.329  0.197  0.208  0.131  0.066  0.125  0.089  0.121  0.072  0.004  0.072  0.265  0.140
1982 -0.045  0.006 -0.129  0.029  0.040 -0.055 -0.016 -0.009  0.075  0.006 -0.009  0.250  0.011
1983  0.428  0.313  0.213  0.120  0.137  0.134  0.152  0.200  0.188  0.099  0.256  0.089  0.194
1984  0.118  0.013  0.049 -0.046  0.092 -0.015 -0.037  0.041  0.033 -0.022 -0.121 -0.274 -0.014
1985  0.011 -0.133 -0.026 -0.040 -0.003 -0.061 -0.060  0.026 -0.032  0.018 -0.072  0.014 -0.030
1986  0.124  0.090  0.075  0.078  0.045  0.049 -0.002  0.002  0.011  0.066 -0.007  0.010  0.045
1987  0.112  0.302  0.022  0.095  0.148  0.127  0.269  0.237  0.274  0.204  0.197  0.322  0.192
1988  0.388  0.233  0.262  0.225  0.211  0.221  0.173  0.176  0.183  0.139  0.027  0.146  0.198
1989  0.012  0.149  0.136  0.081  0.079  0.074  0.156  0.177  0.142  0.151  0.060  0.201  0.118
1990  0.217  0.307  0.562  0.366  0.278  0.277  0.231  0.250  0.178  0.332  0.318  0.248  0.296
1991  0.288  0.298  0.198  0.383  0.303  0.306  0.307  0.258  0.243  0.191  0.160  0.120  0.254
1992  0.367  0.319  0.258  0.137  0.173  0.130 -0.016  0.007 -0.064 -0.048 -0.084  0.082  0.105
1993  0.307  0.253  0.239  0.131  0.178  0.179  0.131  0.097  0.070  0.109 -0.036  0.129  0.148
1994  0.182 -0.048  0.222  0.210  0.268  0.262  0.170  0.186  0.190  0.311  0.314  0.246  0.208
1995  0.421  0.601  0.322  0.285  0.218  0.312  0.331  0.357  0.263  0.336  0.324  0.132  0.325
1996  0.116  0.323  0.186  0.130  0.224  0.168  0.221  0.207  0.104  0.132  0.146  0.232  0.183
1997  0.211  0.313  0.344  0.266  0.286  0.411  0.373  0.440  0.479  0.558  0.501  0.503  0.390
1998  0.489  0.763  0.549  0.650  0.582  0.591  0.673  0.605  0.400  0.407  0.298  0.472  0.539
1999  0.347  0.583  0.226  0.324  0.245  0.273  0.288  0.228  0.305  0.253  0.241  0.370  0.306
2000  0.224  0.449  0.382  0.479  0.279  0.270  0.261  0.353  0.312  0.225  0.160  0.157  0.294
2001  0.357  0.319  0.510  0.462  0.418  0.419  0.464  0.505  0.431  0.421  0.613  0.383  0.441
2002  0.654  0.703  0.701  0.460  0.427  0.471  0.491  0.453  0.424  0.411  0.450  0.325  0.496
2003  0.600  0.459  0.450  0.437  0.473  0.454  0.475  0.549  0.536  0.612  0.457  0.589  0.505
2004  0.507  0.613  0.532  0.477  0.311  0.322  0.359  0.394  0.438  0.464  0.604  0.355  0.447
2005  0.549  0.396  0.565  0.611  0.518  0.552  0.547  0.538  0.574  0.614  0.627  0.462  0.545
2006  0.383  0.571  0.461  0.407  0.405  0.518  0.486  0.535  0.503  0.569  0.540  0.691  0.506
2007  0.828  0.567  0.517  0.587  0.448  0.420  0.439  0.440  0.455  0.467  0.391  0.341  0.491
2008  0.158  0.235  0.559  0.327  0.340  0.365  0.451  0.432  0.407  0.546  0.526  0.395  0.395
2009  0.478  0.443  0.404  0.511  0.441  0.546  0.536  0.586  0.567  0.516  0.550  0.484  0.506
2010  0.560  0.592  0.682  0.689  0.592  0.585  0.615  0.539  0.448  0.497  0.592  0.334  0.560
2011  0.315  0.324  0.420  0.491  0.393  0.494  0.511  0.491  0.446  0.458  0.353  0.402  0.425
2012  0.310  0.301  0.360  0.574  0.573  0.556  0.507  0.536  0.556  0.556  0.550  0.271  0.470
2013  0.471  0.498  0.421  0.450  0.525  0.501  0.518  0.541  0.546  0.516  0.660  0.532  0.514
2014  0.534  0.327  0.584  0.667  0.608  0.625  0.544  0.677  0.601  0.635  0.504  0.655  0.579
2015  0.705  0.689  0.708  0.673  0.711  0.743  0.697  0.740  0.796  0.845  0.840  1.024  0.763
2016  0.934  1.111  1.106  0.937  0.707  0.744  0.744  0.790  0.729  0.598  0.553  0.620  0.797
2017  0.739  0.845  0.873  0.737  0.659  0.641  0.651  0.714  0.557  0.571  0.554  0.600  0.677
2018  0.554  0.528  0.615  0.627  0.587  0.573  0.594  0.586  0.598  0.678  0.590  0.638  0.597
